D 8 8.5834973057175947 0 0.30248088535181172
F 8 8.5834973057175947 0 0.30248090624809265
D 8 8.5834973057175947 1 0.017609006290890943
F 8 8.5834973057175947 1 0.017609009519219398
D 8 8.5834973057175947 2 0.0030663404294570058
F 8 8.5834973057175947 2 0.0030663411598652601
D 8 8.5834973057175947 3 0.00088218894726270166
F 8 8.5834973057175947 3 0.00088218919700011611
D 8 8.5834973057175947 4 0.00034881780550519712
F 8 8.5834973057175947 4 0.0003488179063424468
D 8 8.5834973057175947 5 0.00017196900639915915
F 8 8.5834973057175947 5 0.00017196904809679836
D 8 8.5834973057175947 6 9.9288772764967226e-05
F 8 8.5834973057175947 6 9.9288794444873929e-05
D 8 8.5834973057175947 7 6.4285265275898347e-05
F 8 8.5834973057175947 7 6.4285275584552437e-05
D 8 8.5834973057175947 8 4.526766352348509e-05
F 8 8.5834973057175947 8 4.5267672248883173e-05
D 8 7.8031794597432684 0 0.3172307444624391
F 8 7.8031794597432684 0 0.31723076105117798
D 8 7.8031794597432684 1 0.020300847352352779
F 8 7.8031794597432684 1 0.020300848409533501
D 8 7.8031794597432684 2 0.0038762473718075259
F 8 7.8031794597432684 2 0.0038762479089200497
D 8 7.8031794597432684 3 0.0012157097401773809
F 8 7.8031794597432684 3 0.0012157099554315209
D 8 7.8031794597432684 4 0.00051911748993624428
F 8 7.8031794597432684 4 0.00051911757327616215
D 8 7.8031794597432684 5 0.00027319781119405245
F 8 7.8031794597432684 5 0.00027319786022417247
D 8 7.8031794597432684 6 0.00016638997120452701
F 8 7.8031794597432684 6 0.00016639000386931002
D 8 7.8031794597432684 7 0.00011243079329376856
F 8 7.8031794597432684 7 0.00011243081098655239
D 8 7.8031794597432684 8 8.1891464504064952e-05
F 8 7.8031794597432684 8 8.1891477748285979e-05
D 8 10.534291920653411 0 0.27304884362019566
F 8 10.534291920653411 0 0.27304881811141968
D 8 10.534291920653411 1 0.012958736927834788
F 8 10.534291920653411 1 0.012958735227584839
D 8 10.534291920653411 2 0.0018439588962152586
F 8 10.534291920653411 2 0.0018439585110172629
D 8 10.534291920653411 3 0.00043634571605057933
F 8 10.534291920653411 3 0.00043634563917294145
D 8 10.534291920653411 4 0.00014371216672608814
F 8 10.534291920653411 4 0.00014371213910635561
D 8 10.534291920653411 5 6.0127502228294748e-05
F 8 10.534291920653411 5 6.0127491451567039e-05
D 8 10.534291920653411 6 3.0129901023393387e-05
F 8 10.534291920653411 6 3.0129895094432868e-05
D 8 10.534291920653411 7 1.7328195259082334e-05
F 8 10.534291920653411 7 1.73281914612744e-05
D 8 10.534291920653411 8 1.1074059460949544e-05
F 8 10.534291920653411 8 1.1074057510995772e-05
D 8 5.267146460326706 0 0.38569857999046914
F 8 5.267146460326706 0 0.3856985867023468
D 8 5.267146460326706 1 0.036123950019766281
F 8 5.267146460326706 1 0.036123950034379959
D 8 5.267146460326706 2 0.0097978613092988952
F 8 5.267146460326706 2 0.0097978608682751656
D 8 5.267146460326706 3 0.0041607916018124398
F 8 5.267146460326706 3 0.0041607911698520184
D 8 5.267146460326706 4 0.0022751628763321811
F 8 5.267146460326706 4 0.0022751626092940569
D 8 5.267146460326706 5 0.0014541229270119789
F 8 5.267146460326706 5 0.0014541228301823139
D 8 5.267146460326706 6 0.0010287394937231395
F 8 5.267146460326706 6 0.0010287393815815449
D 8 5.267146460326706 7 0.00077986291524953315
F 8 5.267146460326706 7 0.00077986280666664243
D 8 5.267146460326706 8 0.00062079484088713166
F 8 5.267146460326706 8 0.00062079477356746793
D 8 2.145875076429399 0 0.58181292789042516
F 8 2.145875076429399 0 0.58181297779083252
D 8 2.145875076429399 1 0.10831182453774595
F 8 2.145875076429399 1 0.10831183195114136
D 8 2.145875076429399 2 0.048458048076393111
F 8 2.145875076429399 2 0.048458050936460495
D 8 2.145875076429399 3 0.029201280956289193
F 8 2.145875076429399 3 0.029201284050941467
D 8 2.145875076429399 4 0.020374748111009765
F 8 2.145875076429399 4 0.020374750718474388
D 8 2.145875076429399 5 0.015473196775146485
F 8 2.145875076429399 5 0.015473198145627975
D 8 2.145875076429399 6 0.012405085164850291
F 8 2.145875076429399 6 0.012405086308717728
D 8 2.145875076429399 7 0.010322238525326526
F 8 2.145875076429399 7 0.010322239249944687
D 8 2.145875076429399 8 0.0088234259118124166
F 8 2.145875076429399 8 0.0088234264403581619
D 8 1.1704777689614903 0 0.7159269451449054
F 8 1.1704777689614903 0 0.71592700481414795
D 8 1.1704777689614903 1 0.17330882435877595
F 8 1.1704777689614903 1 0.1733088344335556
D 8 1.1704777689614903 2 0.089582128617053558
F 8 1.1704777689614903 2 0.089582130312919617
D 8 1.1704777689614903 3 0.05881869512828411
F 8 1.1704777689614903 3 0.058818694204092026
D 8 1.1704777689614903 4 0.043363562981955692
F 8 1.1704777689614903 4 0.043363563716411591
D 8 1.1704777689614903 5 0.034196879244157576
F 8 1.1704777689614903 5 0.034196879714727402
D 8 1.1704777689614903 6 0.028170965926562326
F 8 1.1704777689614903 6 0.028170965611934662
D 8 1.1704777689614903 7 0.023923506084054955
F 8 1.1704777689614903 7 0.023923506960272789
D 8 1.1704777689614903 8 0.020775233652095451
F 8 1.1704777689614903 8 0.020775234326720238
D 8 0.5 0 0.85562439189214878
F 8 0.5 0 0.85562437772750854
D 8 0.5 1 0.24909373217951539
F 8 0.5 1 0.24909372627735138
D 8 0.5 2 0.14075053682591271
F 8 0.5 2 0.14075054228305817
D 8 0.5 3 0.097222024416930147
F 8 0.5 3 0.097222022712230682
D 8 0.5 4 0.074023511205877635
F 8 0.5 4 0.074023514986038208
D 8 0.5 5 0.059680941140265335
F 8 0.5 5 0.059680942445993423
D 8 0.5 6 0.049959692830285264
F 8 0.5 6 0.049959693104028702
D 8 0.5 7 0.042945347081074961
F 8 0.5 7 0.042945347726345062
D 8 0.5 8 0.037649546503490998
F 8 0.5 8 0.037649545818567276
D 8 3 0 0.50434356023143878
F 8 3 0 0.50434356927871704
D 8 3 1 0.07575941531059581
F 8 3 1 0.075759418308734894
D 8 3 2 0.029581862927320578
F 8 3 2 0.029581863433122635
D 8 3 3 0.01635370771145649
F 8 3 3 0.016353705897927284
D 8 3 4 0.010781480935388582
F 8 3 4 0.010781479999423027
D 8 3 5 0.0078743766751055485
F 8 3 5 0.0078743761405348778
D 8 3 6 0.0061385125097161812
F 8 3 6 0.0061385128647089005
D 8 3 7 0.0050022657097410694
F 8 3 7 0.0050022657960653305
D 8 3 8 0.0042078195463753501
F 8 3 8 0.0042078197002410889
D 8 0 0 1
F 8 0 0 1
D 8 0 1 0.33333333333333331
F 8 0 1 0.3333333432674408
D 8 0 2 0.20000000000000001
F 8 0 2 0.20000000298023224
D 8 0 3 0.14285714285714285
F 8 0 3 0.1428571492433548
D 8 0 4 0.1111111111111111
F 8 0 4 0.1111111119389534
D 8 0 5 0.090909090909090912
F 8 0 5 0.090909093618392944
D 8 0 6 0.076923076923076927
F 8 0 6 0.076923079788684845
D 8 0 7 0.066666666666666666
F 8 0 7 0.066666670143604279
D 8 0 8 0.058823529411764705
F 8 0 8 0.058823529630899429
D 16 8.5834973057175947 0 0.30248088535181172
F 16 8.5834973057175947 0 0.30248090624809265
D 16 8.5834973057175947 1 0.017609006290890943
F 16 8.5834973057175947 1 0.017609009519219398
D 16 8.5834973057175947 2 0.0030663404294570058
F 16 8.5834973057175947 2 0.0030663411598652601
D 16 8.5834973057175947 3 0.00088218894726270166
F 16 8.5834973057175947 3 0.00088218919700011611
D 16 8.5834973057175947 4 0.00034881780550519712
F 16 8.5834973057175947 4 0.0003488179063424468
D 16 8.5834973057175947 5 0.00017196900639915915
F 16 8.5834973057175947 5 0.00017196904809679836
D 16 8.5834973057175947 6 9.9288772764967226e-05
F 16 8.5834973057175947 6 9.9288794444873929e-05
D 16 8.5834973057175947 7 6.4285265275898347e-05
F 16 8.5834973057175947 7 6.4285275584552437e-05
D 16 8.5834973057175947 8 4.526766352348509e-05
F 16 8.5834973057175947 8 4.5267672248883173e-05
D 16 8.5834973057175947 9 3.3924460846091745e-05
F 16 8.5834973057175947 9 3.392446888028644e-05
D 16 8.5834973057175947 10 2.6643889805412988e-05
F 16 8.5834973057175947 10 2.6643896489986219e-05
D 16 8.5834973057175947 11 2.1690019189910959e-05
F 16 8.5834973057175947 11 2.1690024368581362e-05
D 16 8.5834973057175947 12 1.8157004476588922e-05
F 16 8.5834973057175947 12 1.8157008526031859e-05
D 16 8.5834973057175947 13 1.5538879960880722e-05
F 16 8.5834973057175947 13 1.5538884326815605e-05
D 16 8.5834973057175947 14 1.3536470468187946e-05
F 16 8.5834973057175947 14 1.3536473488784395e-05
D 16 8.5834973057175947 15 1.1964144270313496e-05
F 16 8.5834973057175947 15 1.1964147233811673e-05
D 16 8.5834973057175947 16 1.0701886566609324e-05
F 16 8.5834973057175947 16 1.0701888641051482e-05
D 16 7.8031794597432684 0 0.3172307444624391
F 16 7.8031794597432684 0 0.31723076105117798
D 16 7.8031794597432684 1 0.020300847352352779
F 16 7.8031794597432684 1 0.020300848409533501
D 16 7.8031794597432684 2 0.0038762473718075259
F 16 7.8031794597432684 2 0.0038762479089200497
D 16 7.8031794597432684 3 0.0012157097401773809
F 16 7.8031794597432684 3 0.0012157099554315209
D 16 7.8031794597432684 4 0.00051911748993624428
F 16 7.8031794597432684 4 0.00051911757327616215
D 16 7.8031794597432684 5 0.00027319781119405245
F 16 7.8031794597432684 5 0.00027319786022417247
D 16 7.8031794597432684 6 0.00016638997120452701
F 16 7.8031794597432684 6 0.00016639000386931002
D 16 7.8031794597432684 7 0.00011243079329376856
F 16 7.8031794597432684 7 0.00011243081826251
D 16 7.8031794597432684 8 8.1891464504064952e-05
F 16 7.8031794597432684 8 8.1891485024243593e-05
D 16 7.8031794597432684 9 6.3033318003926202e-05
F 16 7.8031794597432684 9 6.3033330661710352e-05
D 16 7.8031794597432684 10 5.0569049080082537e-05
F 16 7.8031794597432684 10 5.0569058657856658e-05
D 16 7.8031794597432684 11 4.1874964054045692e-05
F 16 7.8031794597432684 11 4.187496961094439e-05
D 16 7.8031794597432684 12 3.55425544286791e-05
F 16 7.8031794597432684 12 3.5542561818147078e-05
D 16 7.8031794597432684 13 3.0764994658925549e-05
F 16 7.8031794597432684 13 3.0765000701649114e-05
D 16 7.8031794597432684 14 2.7054391485902217e-05
F 16 7.8031794597432684 14 2.705439692363143e-05
D 16 7.8031794597432684 15 2.410190891533338e-05
F 16 7.8031794597432684 15 2.410191336821299e-05
D 16 7.8031794597432684 16 2.1704285170495102e-05
F 16 7.8031794597432684 16 2.1704288883483969e-05
D 16 10.534291920653411 0 0.27304884362019566
F 16 10.534291920653411 0 0.27304884791374207
D 16 10.534291920653411 1 0.012958736927834788
F 16 10.534291920653411 1 0.012958736158907413
D 16 10.534291920653411 2 0.0018439588962152586
F 16 10.534291920653411 2 0.0018439587438479066
D 16 10.534291920653411 3 0.00043634571605057933
F 16 10.534291920653411 3 0.0004363456682767719
D 16 10.534291920653411 4 0.00014371216672608814
F 16 10.534291920653411 4 0.00014371215365827084
D 16 10.534291920653411 5 6.0127502228294748e-05
F 16 10.534291920653411 5 6.0127498727524653e-05
D 16 10.534291920653411 6 3.0129901023393387e-05
F 16 10.534291920653411 6 3.0129898732411675e-05
D 16 10.534291920653411 7 1.7328195259082334e-05
F 16 10.534291920653411 7 1.7328193280263804e-05
D 16 10.534291920653411 8 1.1074059460949544e-05
F 16 10.534291920653411 8 1.1074058420490474e-05
D 16 10.534291920653411 9 7.6726007492543929e-06
F 16 10.534291920653411 9 7.6725991675630212e-06
D 16 10.534291920653411 10 5.656347691133621e-06
F 16 10.534291920653411 10 5.6563462749181781e-06
D 16 10.534291920653411 11 4.3750032531131046e-06
F 16 10.534291920653411 11 4.3750023905886337e-06
D 16 10.534291920653411 12 3.5131405465839727e-06
F 16 10.534291920653411 12 3.5131397453369573e-06
D 16 10.534291920653411 13 2.9057641204611456e-06
F 16 10.534291920653411 13 2.9057632673357148e-06
D 16 10.534291920653411 14 2.4608893019756224e-06
F 16 10.534291920653411 14 2.4608887088106712e-06
D 16 10.534291920653411 15 2.1243768173890876e-06
F 16 10.534291920653411 15 2.1243763512757141e-06
D 16 10.534291920653411 16 1.8628448387931521e-06
F 16 10.534291920653411 16 1.8628443285706453e-06
D 16 5.267146460326706 0 0.38569857999046914
F 16 5.267146460326706 0 0.3856985867023468
D 16 5.267146460326706 1 0.036123950019766281
F 16 5.267146460326706 1 0.036123950034379959
D 16 5.267146460326706 2 0.0097978613092988952
F 16 5.267146460326706 2 0.0097978608682751656
D 16 5.267146460326706 3 0.0041607916018124398
F 16 5.267146460326706 3 0.0041607911698520184
D 16 5.267146460326706 4 0.0022751628763321811
F 16 5.267146460326706 4 0.0022751626092940569
D 16 5.267146460326706 5 0.0014541229270119789
F 16 5.267146460326706 5 0.0014541228301823139
D 16 5.267146460326706 6 0.0010287394937231395
F 16 5.267146460326706 6 0.0010287394979968667
D 16 5.267146460326706 7 0.00077986291524953315
F 16 5.267146460326706 7 0.00077986286487430334
D 16 5.267146460326706 8 0.00062079484088713166
F 16 5.267146460326706 8 0.00062079483177512884
D 16 5.267146460326706 9 0.00051215618404686102
F 16 5.267146460326706 9 0.0005121561698615551
D 16 5.267146460326706 10 0.00043407360134420923
F 16 5.267146460326706 10 0.00043407356133684516
D 16 5.267146460326706 11 0.00037565279671142977
F 16 5.267146460326706 11 0.00037565277307294309
D 16 5.267146460326706 12 0.00033051153213417583
F 16 5.267146460326706 12 0.00033051148056983948
D 16 5.267146460326706 13 0.00029470219743560247
F 16 5.267146460326706 13 0.00029470215667970479
D 16 5.267146460326706 14 0.00026567044609769125
F 16 5.267146460326706 14 0.00026567041641101241
D 16 5.267146460326706 15 0.0002416995544744728
F 16 5.267146460326706 15 0.00024169954122044146
D 16 5.267146460326706 16 0.00022159789699073012
F 16 5.267146460326706 16 0.00022159787476994097
D 16 2.145875076429399 0 0.58181292789042516
F 16 2.145875076429399 0 0.58181297779083252
D 16 2.145875076429399 1 0.10831182453774595
F 16 2.145875076429399 1 0.10831183195114136
D 16 2.145875076429399 2 0.048458048076393111
F 16 2.145875076429399 2 0.048458050936460495
D 16 2.145875076429399 3 0.029201280956289193
F 16 2.145875076429399 3 0.029201284050941467
D 16 2.145875076429399 4 0.020374748111009765
F 16 2.145875076429399 4 0.020374750718474388
D 16 2.145875076429399 5 0.015473196775146485
F 16 2.145875076429399 5 0.015473198145627975
D 16 2.145875076429399 6 0.012405085164850291
F 16 2.145875076429399 6 0.012405086308717728
D 16 2.145875076429399 7 0.010322238525326526
F 16 2.145875076429399 7 0.010322239249944687
D 16 2.145875076429399 8 0.0088234259118124166
F 16 2.145875076429399 8 0.0088234264403581619
D 16 2.145875076429399 9 0.0076967672744585386
F 16 2.145875076429399 9 0.0076967682689428329
D 16 2.145875076429399 10 0.0068207465015348934
F 16 2.145875076429399 10 0.0068207476288080215
D 16 2.145875076429399 11 0.0061210548662985823
F 16 2.145875076429399 11 0.0061210556887090206
D 16 2.145875076429399 12 0.0055498625740976002
F 16 2.145875076429399 12 0.0055498629808425903
D 16 2.145875076429399 13 0.0050750684924640074
F 16 2.145875076429399 13 0.0050750691443681717
D 16 2.145875076429399 14 0.0046743659830771785
F 16 2.145875076429399 14 0.0046743662096560001
D 16 2.145875076429399 15 0.0043317934346005062
F 16 2.145875076429399 15 0.0043317941017448902
D 16 2.145875076429399 16 0.0040356398861988562
F 16 2.145875076429399 16 0.0040356400422751904
D 16 1.1704777689614903 0 0.7159269451449054
F 16 1.1704777689614903 0 0.71592700481414795
D 16 1.1704777689614903 1 0.17330882435877595
F 16 1.1704777689614903 1 0.1733088344335556
D 16 1.1704777689614903 2 0.089582128617053558
F 16 1.1704777689614903 2 0.089582130312919617
D 16 1.1704777689614903 3 0.05881869512828411
F 16 1.1704777689614903 3 0.058818694204092026
D 16 1.1704777689614903 4 0.043363562981955692
F 16 1.1704777689614903 4 0.043363563716411591
D 16 1.1704777689614903 5 0.034196879244157576
F 16 1.1704777689614903 5 0.034196879714727402
D 16 1.1704777689614903 6 0.028170965926562326
F 16 1.1704777689614903 6 0.028170965611934662
D 16 1.1704777689614903 7 0.023923506084054955
F 16 1.1704777689614903 7 0.023923506960272789
D 16 1.1704777689614903 8 0.020775233652095451
F 16 1.1704777689614903 8 0.020775234326720238
D 16 1.1704777689614903 9 0.018351599762732627
F 16 1.1704777689614903 9 0.01835159957408905
D 16 1.1704777689614903 10 0.016429915851685694
F 16 1.1704777689614903 10 0.016429916024208069
D 16 1.1704777689614903 11 0.014869799673759216
F 16 1.1704777689614903 11 0.014869799837470055
D 16 1.1704777689614903 12 0.013578514837303211
F 16 1.1704777689614903 12 0.013578515499830246
D 16 1.1704777689614903 13 0.012492410670567292
F 16 1.1704777689614903 13 0.012492410838603973
D 16 1.1704777689614903 14 0.011566385894724349
F 16 1.1704777689614903 14 0.011566386558115482
D 16 1.1704777689614903 15 0.010767610724492024
F 16 1.1704777689614903 15 0.010767610743641853
D 16 1.1704777689614903 16 0.010071630616643026
F 16 1.1704777689614903 16 0.010071630589663982
D 16 0.5 0 0.85562439189214878
F 16 0.5 0 0.85562437772750854
D 16 0.5 1 0.24909373217951539
F 16 0.5 1 0.24909372627735138
D 16 0.5 2 0.14075053682591271
F 16 0.5 2 0.14075054228305817
D 16 0.5 3 0.097222024416930147
F 16 0.5 3 0.097222022712230682
D 16 0.5 4 0.074023511205877635
F 16 0.5 4 0.074023514986038208
D 16 0.5 5 0.059680941140265335
F 16 0.5 5 0.059680942445993423
D 16 0.5 6 0.049959692830285264
F 16 0.5 6 0.049959693104028702
D 16 0.5 7 0.042945347081074961
F 16 0.5 7 0.042945347726345062
D 16 0.5 8 0.037649546503490998
F 16 0.5 8 0.037649545818567276
D 16 0.5 9 0.033511630846713533
F 16 0.5 9 0.033511631190776825
D 16 0.5 10 0.030190326374923703
F 16 0.5 10 0.030190326273441315
D 16 0.5 11 0.027466194160764318
F 16 0.5 11 0.027466192841529846
D 16 0.5 12 0.025191805984945876
F 16 0.5 12 0.025191806256771088
D 16 0.5 13 0.023264489911013493
F 16 0.5 13 0.023264490067958832
D 16 0.5 14 0.021610567884730963
F 16 0.5 14 0.021610569208860397
D 16 0.5 15 0.020175808944564527
F 16 0.5 15 0.020175809040665627
D 16 0.5 16 0.018919417568866941
F 16 0.5 16 0.018919417634606361
D 16 3 0 0.50434356023143878
F 16 3 0 0.50434356927871704
D 16 3 1 0.07575941531059581
F 16 3 1 0.075759418308734894
D 16 3 2 0.029581862927320578
F 16 3 2 0.029581863433122635
D 16 3 3 0.01635370771145649
F 16 3 3 0.016353705897927284
D 16 3 4 0.010781480935388582
F 16 3 4 0.010781479999423027
D 16 3 5 0.0078743766751055485
F 16 3 5 0.0078743761405348778
D 16 3 6 0.0061385125097161812
F 16 3 6 0.0061385128647089005
D 16 3 7 0.0050022657097410694
F 16 3 7 0.0050022657960653305
D 16 3 8 0.0042078195463753501
F 16 3 8 0.0042078197002410889
D 16 3 9 0.0036243106534196894
F 16 3 9 0.0036243107169866562
D 16 3 10 0.0031791390078516951
F 16 3 10 0.0031791389919817448
D 16 3 11 0.0028291417995036025
F 16 3 11 0.0028291416820138693
D 16 3 12 0.00254719883678649
F 16 3 12 0.0025471989065408707
D 16 3 13 0.0023154837586330471
F 16 3 13 0.0023154837545007467
D 16 3 14 0.0021218321858713805
F 16 3 14 0.002121831988915801
D 16 3 15 0.0019576775037343512
F 16 3 15 0.0019576775375753641
D 16 3 16 0.0018168223746501619
F 16 3 16 0.0018168223323300481
D 16 0 0 1
F 16 0 0 1
D 16 0 1 0.33333333333333331
F 16 0 1 0.3333333432674408
D 16 0 2 0.20000000000000001
F 16 0 2 0.20000000298023224
D 16 0 3 0.14285714285714285
F 16 0 3 0.1428571492433548
D 16 0 4 0.1111111111111111
F 16 0 4 0.1111111119389534
D 16 0 5 0.090909090909090912
F 16 0 5 0.090909093618392944
D 16 0 6 0.076923076923076927
F 16 0 6 0.076923079788684845
D 16 0 7 0.066666666666666666
F 16 0 7 0.066666670143604279
D 16 0 8 0.058823529411764705
F 16 0 8 0.058823529630899429
D 16 0 9 0.052631578947368418
F 16 0 9 0.052631579339504242
D 16 0 10 0.047619047619047616
F 16 0 10 0.0476190485060215
D 16 0 11 0.043478260869565216
F 16 0 11 0.043478261679410934
D 16 0 12 0.040000000000000001
F 16 0 12 0.039999999105930328
D 16 0 13 0.037037037037037035
F 16 0 13 0.037037037312984467
D 16 0 14 0.034482758620689655
F 16 0 14 0.034482758492231369
D 16 0 15 0.032258064516129031
F 16 0 15 0.032258063554763794
D 16 0 16 0.030303030303030304
F 16 0 16 0.030303031206130981
D 32 8.5834973057175947 0 0.30248088535181172
F 32 8.5834973057175947 0 0.30248090624809265
D 32 8.5834973057175947 1 0.017609006290890943
F 32 8.5834973057175947 1 0.017609009519219398
D 32 8.5834973057175947 2 0.0030663404294570058
F 32 8.5834973057175947 2 0.0030663411598652601
D 32 8.5834973057175947 3 0.00088218894726270166
F 32 8.5834973057175947 3 0.00088218919700011611
D 32 8.5834973057175947 4 0.00034881780550519712
F 32 8.5834973057175947 4 0.0003488179063424468
D 32 8.5834973057175947 5 0.00017196900639915915
F 32 8.5834973057175947 5 0.00017196904809679836
D 32 8.5834973057175947 6 9.9288772764967226e-05
F 32 8.5834973057175947 6 9.9288794444873929e-05
D 32 8.5834973057175947 7 6.4285265275898347e-05
F 32 8.5834973057175947 7 6.4285275584552437e-05
D 32 8.5834973057175947 8 4.526766352348509e-05
F 32 8.5834973057175947 8 4.5267672248883173e-05
D 32 8.5834973057175947 9 3.3924460846091745e-05
F 32 8.5834973057175947 9 3.392446888028644e-05
D 32 8.5834973057175947 10 2.6643889805412988e-05
F 32 8.5834973057175947 10 2.6643896489986219e-05
D 32 8.5834973057175947 11 2.1690019189910959e-05
F 32 8.5834973057175947 11 2.1690024368581362e-05
D 32 8.5834973057175947 12 1.8157004476588922e-05
F 32 8.5834973057175947 12 1.8157008526031859e-05
D 32 8.5834973057175947 13 1.5538879960880722e-05
F 32 8.5834973057175947 13 1.5538884326815605e-05
D 32 8.5834973057175947 14 1.3536470468187946e-05
F 32 8.5834973057175947 14 1.3536473488784395e-05
D 32 8.5834973057175947 15 1.1964144270313496e-05
F 32 8.5834973057175947 15 1.1964147233811673e-05
D 32 8.5834973057175947 16 1.0701886566609324e-05
F 32 8.5834973057175947 16 1.0701889550546184e-05
D 32 8.5834973057175947 17 9.6693112042443524e-06
F 32 8.5834973057175947 17 9.6693138402770273e-06
D 32 8.5834973057175947 18 8.8108986001108916e-06
F 32 8.5834973057175947 18 8.8109018179238774e-06
D 32 8.5834973057175947 19 8.0872632623229698e-06
F 32 8.5834973057175947 19 8.0872659964370541e-06
D 32 8.5834973057175947 20 7.4698004382566943e-06
F 32 8.5834973057175947 20 7.469802767445799e-06
D 32 8.5834973057175947 21 6.937299003440477e-06
F 32 8.5834973057175947 21 6.9373008955153637e-06
D 32 8.5834973057175947 22 6.4737373258895906e-06
F 32 8.5834973057175947 22 6.4737391767266672e-06
D 32 8.5834973057175947 23 6.0668124307040551e-06
F 32 8.5834973057175947 23 6.0668135120067745e-06
D 32 8.5834973057175947 24 5.7069360771677242e-06
F 32 8.5834973057175947 24 5.7069373724516481e-06
D 32 8.5834973057175947 25 5.3865354137803059e-06
F 32 8.5834973057175947 25 5.3865369409322739e-06
D 32 8.5834973057175947 26 5.0995567206582454e-06
F 32 8.5834973057175947 26 5.0995581659663003e-06
D 32 8.5834973057175947 27 4.8411072943997205e-06
F 32 8.5834973057175947 27 4.8411088755528908e-06
D 32 8.5834973057175947 28 4.6071930249662374e-06
F 32 8.5834973057175947 28 4.6071945689618587e-06
D 32 8.5834973057175947 29 4.3945233730239482e-06
F 32 8.5834973057175947 29 4.3945246943621896e-06
D 32 8.5834973057175947 30 4.2003645531427743e-06
F 32 8.5834973057175947 30 4.2003657654277049e-06
D 32 8.5834973057175947 31 4.0224276844104432e-06
F 32 8.5834973057175947 31 4.022429038741393e-06
D 32 8.5834973057175947 32 3.8587826383532781e-06
F 32 8.5834973057175947 32 3.85878365705139e-06
D 32 7.8031794597432684 0 0.3172307444624391
F 32 7.8031794597432684 0 0.31723076105117798
D 32 7.8031794597432684 1 0.020300847352352779
F 32 7.8031794597432684 1 0.020300848409533501
D 32 7.8031794597432684 2 0.0038762473718075259
F 32 7.8031794597432684 2 0.0038762479089200497
D 32 7.8031794597432684 3 0.0012157097401773809
F 32 7.8031794597432684 3 0.0012157099554315209
D 32 7.8031794597432684 4 0.00051911748993624428
F 32 7.8031794597432684 4 0.00051911757327616215
D 32 7.8031794597432684 5 0.00027319781119405245
F 32 7.8031794597432684 5 0.00027319786022417247
D 32 7.8031794597432684 6 0.00016638997120452701
F 32 7.8031794597432684 6 0.00016639000386931002
D 32 7.8031794597432684 7 0.00011243079329376856
F 32 7.8031794597432684 7 0.00011243081826251
D 32 7.8031794597432684 8 8.1891464504064952e-05
F 32 7.8031794597432684 8 8.1891485024243593e-05
D 32 7.8031794597432684 9 6.3033318003926202e-05
F 32 7.8031794597432684 9 6.3033330661710352e-05
D 32 7.8031794597432684 10 5.0569049080082537e-05
F 32 7.8031794597432684 10 5.0569058657856658e-05
D 32 7.8031794597432684 11 4.1874964054045692e-05
F 32 7.8031794597432684 11 4.187496961094439e-05
D 32 7.8031794597432684 12 3.55425544286791e-05
F 32 7.8031794597432684 12 3.5542561818147078e-05
D 32 7.8031794597432684 13 3.0764994658925549e-05
F 32 7.8031794597432684 13 3.0765000701649114e-05
D 32 7.8031794597432684 14 2.7054391485902217e-05
F 32 7.8031794597432684 14 2.705439692363143e-05
D 32 7.8031794597432684 15 2.410190891533338e-05
F 32 7.8031794597432684 15 2.410191336821299e-05
D 32 7.8031794597432684 16 2.1704285170495102e-05
F 32 7.8031794597432684 16 2.1704288883483969e-05
D 32 7.8031794597432684 17 1.9723184651887321e-05
F 32 7.8031794597432684 17 1.9723189325304702e-05
D 32 7.8031794597432684 18 1.806168577543068e-05
F 32 7.8031794597432684 18 1.8061689843307249e-05
D 32 7.8031794597432684 19 1.6650140056229308e-05
F 32 7.8031794597432684 19 1.6650143152219243e-05
D 32 7.8031794597432684 20 1.5437370851340679e-05
F 32 7.8031794597432684 20 1.5437373804161325e-05
D 32 7.8031794597432684 21 1.4385026907906901e-05
F 32 7.8031794597432684 21 1.4385030226549134e-05
D 32 7.8031794597432684 22 1.3463860866606861e-05
F 32 7.8031794597432684 22 1.3463863979268353e-05
D 32 7.8031794597432684 23 1.2651216603578123e-05
F 32 7.8031794597432684 23 1.2651219549297821e-05
D 32 7.8031794597432684 24 1.1929295578484349e-05
F 32 7.8031794597432684 24 1.1929298125323839e-05
D 32 7.8031794597432684 25 1.1283937037494818e-05
F 32 7.8031794597432684 25 1.1283939784334507e-05
D 32 7.8031794597432684 26 1.0703744407028553e-05
F 32 7.8031794597432684 26 1.0703746738727205e-05
D 32 7.8031794597432684 27 1.017944944611326e-05
F 32 7.8031794597432684 27 1.0179451237490866e-05
D 32 7.8031794597432684 28 9.7034425777201202e-06
F 32 7.8031794597432684 28 9.7034435384557582e-06
D 32 7.8031794597432684 29 9.2694212508284943e-06
F 32 7.8031794597432684 29 9.2694226623279974e-06
D 32 7.8031794597432684 30 8.8721233824945889e-06
F 32 7.8031794597432684 30 8.8721253632684238e-06
D 32 7.8031794597432684 31 8.5071229684903691e-06
F 32 7.8031794597432684 31 8.5071242210688069e-06
D 32 7.8031794597432684 32 8.1706716960080623e-06
F 32 7.8031794597432684 32 8.1706730270525441e-06
D 32 10.534291920653411 0 0.27304884362019566
F 32 10.534291920653411 0 0.27304884791374207
D 32 10.534291920653411 1 0.012958736927834788
F 32 10.534291920653411 1 0.012958736158907413
D 32 10.534291920653411 2 0.0018439588962152586
F 32 10.534291920653411 2 0.0018439587438479066
D 32 10.534291920653411 3 0.00043634571605057933
F 32 10.534291920653411 3 0.0004363456682767719
D 32 10.534291920653411 4 0.00014371216672608814
F 32 10.534291920653411 4 0.00014371215365827084
D 32 10.534291920653411 5 6.0127502228294748e-05
F 32 10.534291920653411 5 6.0127498727524653e-05
D 32 10.534291920653411 6 3.0129901023393387e-05
F 32 10.534291920653411 6 3.0129898732411675e-05
D 32 10.534291920653411 7 1.7328195259082334e-05
F 32 10.534291920653411 7 1.7328193280263804e-05
D 32 10.534291920653411 8 1.1074059460949544e-05
F 32 10.534291920653411 8 1.1074058420490474e-05
D 32 10.534291920653411 9 7.6726007492543929e-06
F 32 10.534291920653411 9 7.6725991675630212e-06
D 32 10.534291920653411 10 5.656347691133621e-06
F 32 10.534291920653411 10 5.6563462749181781e-06
D 32 10.534291920653411 11 4.3750032531131046e-06
F 32 10.534291920653411 11 4.3750023905886337e-06
D 32 10.534291920653411 12 3.5131405465839727e-06
F 32 10.534291920653411 12 3.5131397453369573e-06
D 32 10.534291920653411 13 2.9057641204611456e-06
F 32 10.534291920653411 13 2.9057632673357148e-06
D 32 10.534291920653411 14 2.4608893019756224e-06
F 32 10.534291920653411 14 2.4608887088106712e-06
D 32 10.534291920653411 15 2.1243768173890876e-06
F 32 10.534291920653411 15 2.1243763512757141e-06
D 32 10.534291920653411 16 1.8628448387931521e-06
F 32 10.534291920653411 16 1.862844442257483e-06
D 32 10.534291920653411 17 1.6548668516683437e-06
F 32 10.534291920653411 17 1.654866423450585e-06
D 32 10.534291920653411 18 1.4862015109624059e-06
F 32 10.534291920653411 18 1.4862011994409841e-06
D 32 10.534291920653411 19 1.347089934937219e-06
F 32 10.534291920653411 19 1.3470896647049813e-06
D 32 10.534291920653411 20 1.2306631042810313e-06
F 32 10.534291920653411 20 1.2306627468205988e-06
D 32 10.534291920653411 21 1.1319701782309776e-06
F 32 10.534291920653411 21 1.1319698387524113e-06
D 32 10.534291920653411 22 1.0473669782714361e-06
F 32 10.534291920653411 22 1.0473667089172523e-06
D 32 10.534291920653411 23 9.741203066706757e-07
F 32 10.534291920653411 23 9.7412009836261859e-07
D 32 10.534291920653411 24 9.1014545108258984e-07
F 32 10.534291920653411 24 9.1014521785837132e-07
D 32 10.534291920653411 25 8.53828077337294e-07
F 32 10.534291920653411 25 8.5382782799570123e-07
D 32 10.534291920653411 26 8.0390088874369894e-07
F 32 10.534291920653411 26 8.0390066159452545e-07
D 32 10.534291920653411 27 7.5935661145126636e-07
F 32 10.534291920653411 27 7.5935645327263046e-07
D 32 10.534291920653411 28 7.1938555881955718e-07
F 32 10.534291920653411 28 7.193854116849252e-07
D 32 10.534291920653411 29 6.8333013227420343e-07
F 32 10.534291920653411 29 6.8332997216202784e-07
D 32 10.534291920653411 30 6.5065118936456747e-07
F 32 10.534291920653411 30 6.5065103171946248e-07
D 32 10.534291920653411 31 6.209028561277323e-07
F 32 10.534291920653411 31 6.2090265373626607e-07
D 32 10.534291920653411 32 5.9371343421374511e-07
F 32 10.534291920653411 32 5.9371325278334552e-07
D 32 5.267146460326706 0 0.38569857999046914
F 32 5.267146460326706 0 0.3856985867023468
D 32 5.267146460326706 1 0.036123950019766281
F 32 5.267146460326706 1 0.036123950034379959
D 32 5.267146460326706 2 0.0097978613092988952
F 32 5.267146460326706 2 0.0097978608682751656
D 32 5.267146460326706 3 0.0041607916018124398
F 32 5.267146460326706 3 0.0041607911698520184
D 32 5.267146460326706 4 0.0022751628763321811
F 32 5.267146460326706 4 0.0022751626092940569
D 32 5.267146460326706 5 0.0014541229270119789
F 32 5.267146460326706 5 0.0014541228301823139
D 32 5.267146460326706 6 0.0010287394937231395
F 32 5.267146460326706 6 0.0010287394979968667
D 32 5.267146460326706 7 0.00077986291524953315
F 32 5.267146460326706 7 0.00077986286487430334
D 32 5.267146460326706 8 0.00062079484088713166
F 32 5.267146460326706 8 0.00062079483177512884
D 32 5.267146460326706 9 0.00051215618404686102
F 32 5.267146460326706 9 0.0005121561698615551
D 32 5.267146460326706 10 0.00043407360134420923
F 32 5.267146460326706 10 0.00043407356133684516
D 32 5.267146460326706 11 0.00037565279671142977
F 32 5.267146460326706 11 0.00037565277307294309
D 32 5.267146460326706 12 0.00033051153213417583
F 32 5.267146460326706 12 0.00033051148056983948
D 32 5.267146460326706 13 0.00029470219743560247
F 32 5.267146460326706 13 0.00029470215667970479
D 32 5.267146460326706 14 0.00026567044609769125
F 32 5.267146460326706 14 0.00026567041641101241
D 32 5.267146460326706 15 0.0002416995544744728
F 32 5.267146460326706 15 0.00024169954122044146
D 32 5.267146460326706 16 0.00022159789699073012
F 32 5.267146460326706 16 0.00022159787476994097
D 32 5.267146460326706 17 0.00020451506197064308
F 32 5.267146460326706 17 0.00020451503223739564
D 32 5.267146460326706 18 0.0001898293651816293
F 32 5.267146460326706 18 0.00018982934125233442
D 32 5.267146460326706 19 0.00017707666708750166
F 32 5.267146460326706 19 0.0001770766539266333
D 32 5.267146460326706 20 0.00016590396701220353
F 32 5.267146460326706 20 0.00016590395534876734
D 32 5.267146460326706 21 0.00015603834340605126
F 32 5.267146460326706 21 0.00015603832434862852
D 32 5.267146460326706 22 0.00014726567287787494
F 32 5.267146460326706 22 0.00014726564404554665
D 32 5.267146460326706 23 0.00013941574051139484
F 32 5.267146460326706 23 0.00013941571523901075
D 32 5.267146460326706 24 0.00013235162372355157
F 32 5.267146460326706 24 0.00013235160440672189
D 32 5.267146460326706 25 0.00012596199301093846
F 32 5.267146460326706 25 0.00012596197484526783
D 32 5.267146460326706 26 0.00012015544108031609
F 32 5.267146460326706 26 0.00012015542597509921
D 32 5.267146460326706 27 0.0001148562466567743
F 32 5.267146460326706 27 0.0001148562369053252
D 32 5.267146460326706 28 0.0001100011689102697
F 32 5.267146460326706 28 0.00011000115773640573
D 32 5.267146460326706 29 0.00010553699285294634
F 32 5.267146460326706 29 0.00010553698666626588
D 32 5.267146460326706 30 0.00010141862915371278
F 32 5.267146460326706 30 0.0001014186127576977
D 32 5.267146460326706 31 9.7607628239865243e-05
F 32 5.267146460326706 31 9.7607618954498321e-05
D 32 5.267146460326706 32 9.4071007458041374e-05
F 32 5.267146460326706 32 9.4070994236972183e-05
D 32 2.145875076429399 0 0.58181292789042516
F 32 2.145875076429399 0 0.58181297779083252
D 32 2.145875076429399 1 0.10831182453774595
F 32 2.145875076429399 1 0.10831183195114136
D 32 2.145875076429399 2 0.048458048076393111
F 32 2.145875076429399 2 0.048458050936460495
D 32 2.145875076429399 3 0.029201280956289193
F 32 2.145875076429399 3 0.029201284050941467
D 32 2.145875076429399 4 0.020374748111009765
F 32 2.145875076429399 4 0.020374750718474388
D 32 2.145875076429399 5 0.015473196775146485
F 32 2.145875076429399 5 0.015473198145627975
D 32 2.145875076429399 6 0.012405085164850291
F 32 2.145875076429399 6 0.012405086308717728
D 32 2.145875076429399 7 0.010322238525326526
F 32 2.145875076429399 7 0.010322239249944687
D 32 2.145875076429399 8 0.0088234259118124166
F 32 2.145875076429399 8 0.0088234264403581619
D 32 2.145875076429399 9 0.0076967672744585386
F 32 2.145875076429399 9 0.0076967682689428329
D 32 2.145875076429399 10 0.0068207465015348934
F 32 2.145875076429399 10 0.0068207476288080215
D 32 2.145875076429399 11 0.0061210548662985823
F 32 2.145875076429399 11 0.0061210556887090206
D 32 2.145875076429399 12 0.0055498625740976002
F 32 2.145875076429399 12 0.0055498629808425903
D 32 2.145875076429399 13 0.0050750684924640074
F 32 2.145875076429399 13 0.0050750691443681717
D 32 2.145875076429399 14 0.0046743659830771785
F 32 2.145875076429399 14 0.0046743662096560001
D 32 2.145875076429399 15 0.0043317934346005062
F 32 2.145875076429399 15 0.0043317941017448902
D 32 2.145875076429399 16 0.0040356398861988562
F 32 2.145875076429399 16 0.0040356405079364777
D 32 2.145875076429399 17 0.0037771252503190321
F 32 2.145875076429399 17 0.0037771253846585751
D 32 2.145875076429399 18 0.0035495415260555201
F 32 2.145875076429399 18 0.0035495420452207327
D 32 2.145875076429399 19 0.0033476781215572892
F 32 2.145875076429399 19 0.003347678342834115
D 32 2.145875076429399 20 0.0031674277118719329
F 32 2.145875076429399 20 0.0031674278434365988
D 32 2.145875076429399 21 0.0030055099558902202
F 32 2.145875076429399 21 0.0030055101960897446
D 32 2.145875076429399 22 0.0028592740239006299
F 32 2.145875076429399 22 0.0028592741582542658
D 32 2.145875076429399 23 0.0027265549681625774
F 32 2.145875076429399 23 0.0027265551034361124
D 32 2.145875076429399 24 0.002605567596252926
F 32 2.145875076429399 24 0.0026055676862597466
D 32 2.145875076429399 25 0.0024948269262884395
F 32 2.145875076429399 25 0.0024948271457105875
D 32 2.145875076429399 26 0.0023930877848819631
F 32 2.145875076429399 26 0.0023930880706757307
D 32 2.145875076429399 27 0.0022992983918302136
F 32 2.145875076429399 27 0.0022992987651377916
D 32 2.145875076429399 28 0.0022125643008826445
F 32 2.145875076429399 28 0.0022125646937638521
D 32 2.145875076429399 29 0.0021321201025825613
F 32 2.145875076429399 29 0.0021321203093975782
D 32 2.145875076429399 30 0.0020573070108358929
F 32 2.145875076429399 30 0.0020573073998093605
D 32 2.145875076429399 31 0.0019875549561450363
F 32 2.145875076429399 31 0.0019875552970916033
D 32 2.145875076429399 32 0.001922368164303066
F 32 2.145875076429399 32 0.0019223683048039675
D 32 1.1704777689614903 0 0.7159269451449054
F 32 1.1704777689614903 0 0.71592700481414795
D 32 1.1704777689614903 1 0.17330882435877595
F 32 1.1704777689614903 1 0.1733088344335556
D 32 1.1704777689614903 2 0.089582128617053558
F 32 1.1704777689614903 2 0.089582130312919617
D 32 1.1704777689614903 3 0.05881869512828411
F 32 1.1704777689614903 3 0.058818694204092026
D 32 1.1704777689614903 4 0.043363562981955692
F 32 1.1704777689614903 4 0.043363563716411591
D 32 1.1704777689614903 5 0.034196879244157576
F 32 1.1704777689614903 5 0.034196879714727402
D 32 1.1704777689614903 6 0.028170965926562326
F 32 1.1704777689614903 6 0.028170965611934662
D 32 1.1704777689614903 7 0.023923506084054955
F 32 1.1704777689614903 7 0.023923506960272789
D 32 1.1704777689614903 8 0.020775233652095451
F 32 1.1704777689614903 8 0.020775234326720238
D 32 1.1704777689614903 9 0.018351599762732627
F 32 1.1704777689614903 9 0.01835159957408905
D 32 1.1704777689614903 10 0.016429915851685694
F 32 1.1704777689614903 10 0.016429916024208069
D 32 1.1704777689614903 11 0.014869799673759216
F 32 1.1704777689614903 11 0.014869799837470055
D 32 1.1704777689614903 12 0.013578514837303211
F 32 1.1704777689614903 12 0.013578515499830246
D 32 1.1704777689614903 13 0.012492410670567292
F 32 1.1704777689614903 13 0.012492410838603973
D 32 1.1704777689614903 14 0.011566385894724349
F 32 1.1704777689614903 14 0.011566386558115482
D 32 1.1704777689614903 15 0.010767610724492024
F 32 1.1704777689614903 15 0.010767610743641853
D 32 1.1704777689614903 16 0.010071630616643026
F 32 1.1704777689614903 16 0.010071630589663982
D 32 1.1704777689614903 17 0.0094598624361574013
F 32 1.1704777689614903 17 0.0094598624855279922
D 32 1.1704777689614903 18 0.0089179362597907944
F 32 1.1704777689614903 18 0.0089179361239075661
D 32 1.1704777689614903 19 0.0084345679792237841
F 32 1.1704777689614903 19 0.0084345676004886627
D 32 1.1704777689614903 20 0.0080007748524082191
F 32 1.1704777689614903 20 0.0080007752403616905
D 32 1.1704777689614903 21 0.0076093183611825451
F 32 1.1704777689614903 21 0.0076093180105090141
D 32 1.1704777689614903 22 0.0072543011878854844
F 32 1.1704777689614903 22 0.0072543011046946049
D 32 1.1704777689614903 23 0.0069308708348791298
F 32 1.1704777689614903 23 0.0069308704696595669
D 32 1.1704777689614903 24 0.0066349983997527921
F 32 1.1704777689614903 24 0.0066349981352686882
D 32 1.1704777689614903 25 0.0063633112014574696
F 32 1.1704777689614903 25 0.0063633113168179989
D 32 1.1704777689614903 26 0.0061129645784387945
F 32 1.1704777689614903 26 0.0061129648238420486
D 32 1.1704777689614903 27 0.0058815425764833298
F 32 1.1704777689614903 27 0.0058815423399209976
D 32 1.1704777689614903 28 0.0056669802140052001
F 32 1.1704777689614903 28 0.0056669800542294979
D 32 1.1704777689614903 29 0.0054675020518949831
F 32 1.1704777689614903 29 0.0054675024002790451
D 32 1.1704777689614903 30 0.0052815732166644645
F 32 1.1704777689614903 30 0.005281573161482811
D 32 1.1704777689614903 31 0.0051078600304531319
F 32 1.1704777689614903 31 0.0051078596152365208
D 32 1.1704777689614903 32 0.0049451981208968043
F 32 1.1704777689614903 32 0.0049451980739831924
D 32 0.5 0 0.85562439189214878
F 32 0.5 0 0.85562437772750854
D 32 0.5 1 0.24909373217951539
F 32 0.5 1 0.24909372627735138
D 32 0.5 2 0.14075053682591271
F 32 0.5 2 0.14075054228305817
D 32 0.5 3 0.097222024416930147
F 32 0.5 3 0.097222022712230682
D 32 0.5 4 0.074023511205877635
F 32 0.5 4 0.074023514986038208
D 32 0.5 5 0.059680941140265335
F 32 0.5 5 0.059680942445993423
D 32 0.5 6 0.049959692830285264
F 32 0.5 6 0.049959693104028702
D 32 0.5 7 0.042945347081074961
F 32 0.5 7 0.042945347726345062
D 32 0.5 8 0.037649546503490998
F 32 0.5 8 0.037649545818567276
D 32 0.5 9 0.033511630846713533
F 32 0.5 9 0.033511631190776825
D 32 0.5 10 0.030190326374923703
F 32 0.5 10 0.030190326273441315
D 32 0.5 11 0.027466194160764318
F 32 0.5 11 0.027466192841529846
D 32 0.5 12 0.025191805984945876
F 32 0.5 12 0.025191806256771088
D 32 0.5 13 0.023264489911013493
F 32 0.5 13 0.023264490067958832
D 32 0.5 14 0.021610567884730963
F 32 0.5 14 0.021610569208860397
D 32 0.5 15 0.020175808944564527
F 32 0.5 15 0.020175809040665627
D 32 0.5 16 0.018919417568866941
F 32 0.5 16 0.018919417634606361
D 32 0.5 17 0.017810120059975568
F 32 0.5 17 0.017810119315981865
D 32 0.5 18 0.016823542386511459
F 32 0.5 18 0.016823543235659599
D 32 0.5 19 0.015940408588290447
F 32 0.5 19 0.015940409153699875
D 32 0.5 20 0.015145275230694005
F 32 0.5 20 0.015145275741815567
D 32 0.5 21 0.014425624745820795
F 32 0.5 21 0.014425624161958694
D 32 0.5 22 0.01377120435766082
F 32 0.5 22 0.013771204277873039
D 32 0.5 23 0.013173536382103473
F 32 0.5 23 0.013173537328839302
D 32 0.5 24 0.012625550246229812
F 32 0.5 24 0.012625550851225853
D 32 0.5 25 0.012121302352627282
F 32 0.5 25 0.012121302075684071
D 32 0.5 26 0.01165576027135796
F 32 0.5 26 0.011655759997665882
D 32 0.5 27 0.011224634669338469
F 32 0.5 27 0.011224634945392609
D 32 0.5 28 0.010824247100982447
F 32 0.5 28 0.010824247263371944
D 32 0.5 29 0.010451425043366066
F 32 0.5 29 0.010451424866914749
D 32 0.5 30 0.010103417845964496
F 32 0.5 30 0.010103418491780758
D 32 0.5 31 0.0097778288912008637
F 32 0.5 31 0.0097778290510177612
D 32 0.5 32 0.0094725604330210302
F 32 0.5 32 0.0094725601375102997
D 32 3 0 0.50434356023143878
F 32 3 0 0.50434356927871704
D 32 3 1 0.07575941531059581
F 32 3 1 0.075759418308734894
D 32 3 2 0.029581862927320578
F 32 3 2 0.029581863433122635
D 32 3 3 0.01635370771145649
F 32 3 3 0.016353705897927284
D 32 3 4 0.010781480935388582
F 32 3 4 0.010781479999423027
D 32 3 5 0.0078743766751055485
F 32 3 5 0.0078743761405348778
D 32 3 6 0.0061385125097161812
F 32 3 6 0.0061385128647089005
D 32 3 7 0.0050022657097410694
F 32 3 7 0.0050022657960653305
D 32 3 8 0.0042078195463753501
F 32 3 8 0.0042078197002410889
D 32 3 9 0.0036243106534196894
F 32 3 9 0.0036243107169866562
D 32 3 10 0.0031791390078516951
F 32 3 10 0.0031791389919817448
D 32 3 11 0.0028291417995036025
F 32 3 11 0.0028291416820138693
D 32 3 12 0.00254719883678649
F 32 3 12 0.0025471989065408707
D 32 3 13 0.0023154837586330471
F 32 3 13 0.0023154837545007467
D 32 3 14 0.0021218321858713805
F 32 3 14 0.002121831988915801
D 32 3 15 0.0019576775037343512
F 32 3 15 0.0019576775375753641
D 32 3 16 0.0018168223746501619
F 32 3 16 0.0018168222159147263
D 32 3 17 0.00169467833259857
F 32 3 17 0.0016946783289313316
D 32 3 18 0.0015877788788476645
F 32 3 18 0.0015877787955105305
D 32 3 19 0.0014934583582499434
F 32 3 19 0.0014934584032744169
D 32 3 20 0.0014096346006472987
F 32 3 20 0.001409634598530829
D 32 3 21 0.0013346583764458891
F 32 3 21 0.001334658358246088
D 32 3 22 0.001267206969884872
F 32 3 22 0.0012672069715335965
D 32 3 23 0.0012062075461592176
F 32 3 23 0.0012062075547873974
D 32 3 24 0.0011507810502698749
F 32 3 24 0.0011507810559123755
D 32 3 25 0.001100200515893325
F 32 3 25 0.0011002004612237215
D 32 3 26 0.0010538596571159368
F 32 3 26 0.0010538595961406827
D 32 3 27 0.0010112489098801152
F 32 3 27 0.0010112489107996225
D 32 3 28 0.00097193694592373242
F 32 3 28 0.00097193691181018949
D 32 3 29 0.00093555625829813737
F 32 3 29 0.00093555619241669774
D 32 3 30 0.00090179181195436159
F 32 3 30 0.00090179179096594453
D 32 3 31 0.00087037202689201824
F 32 3 31 0.00087037199409678578
D 32 3 32 0.00084106155438886797
F 32 3 32 0.00084106152644380927
D 32 0 0 1
F 32 0 0 1
D 32 0 1 0.33333333333333331
F 32 0 1 0.3333333432674408
D 32 0 2 0.20000000000000001
F 32 0 2 0.20000000298023224
D 32 0 3 0.14285714285714285
F 32 0 3 0.1428571492433548
D 32 0 4 0.1111111111111111
F 32 0 4 0.1111111119389534
D 32 0 5 0.090909090909090912
F 32 0 5 0.090909093618392944
D 32 0 6 0.076923076923076927
F 32 0 6 0.076923079788684845
D 32 0 7 0.066666666666666666
F 32 0 7 0.066666670143604279
D 32 0 8 0.058823529411764705
F 32 0 8 0.058823529630899429
D 32 0 9 0.052631578947368418
F 32 0 9 0.052631579339504242
D 32 0 10 0.047619047619047616
F 32 0 10 0.0476190485060215
D 32 0 11 0.043478260869565216
F 32 0 11 0.043478261679410934
D 32 0 12 0.040000000000000001
F 32 0 12 0.039999999105930328
D 32 0 13 0.037037037037037035
F 32 0 13 0.037037037312984467
D 32 0 14 0.034482758620689655
F 32 0 14 0.034482758492231369
D 32 0 15 0.032258064516129031
F 32 0 15 0.032258063554763794
D 32 0 16 0.030303030303030304
F 32 0 16 0.030303031206130981
D 32 0 17 0.028571428571428571
F 32 0 17 0.02857142873108387
D 32 0 18 0.027027027027027029
F 32 0 18 0.027027027681469917
D 32 0 19 0.02564102564102564
F 32 0 19 0.025641025975346565
D 32 0 20 0.024390243902439025
F 32 0 20 0.024390242993831635
D 32 0 21 0.023255813953488372
F 32 0 21 0.023255813866853714
D 32 0 22 0.022222222222222223
F 32 0 22 0.02222222276031971
D 32 0 23 0.021276595744680851
F 32 0 23 0.021276595070958138
D 32 0 24 0.020408163265306121
F 32 0 24 0.020408162847161293
D 32 0 25 0.019607843137254902
F 32 0 25 0.019607843831181526
D 32 0 26 0.018867924528301886
F 32 0 26 0.018867924809455872
D 32 0 27 0.018181818181818181
F 32 0 27 0.018181817606091499
D 32 0 28 0.017543859649122806
F 32 0 28 0.017543859779834747
D 32 0 29 0.016949152542372881
F 32 0 29 0.016949152573943138
D 32 0 30 0.016393442622950821
F 32 0 30 0.016393441706895828
D 32 0 31 0.015873015873015872
F 32 0 31 0.01587301678955555
D 32 0 32 0.015384615384615385
F 32 0 32 0.015384615398943424
