1e-06
0.1950804614935817
0.3901599229871634
0.5852393844807452
0.7803188459743269
0.9753983074679086
1.1704777689614903
1.3655572304550718
1.5606366919486536
1.7557161534422354
1.950795614935817
2.145875076429399
2.340954537922981
2.5360339994165626
2.731113460910144
2.9261929224037257
3.1212723838973075
3.3163518453908893
3.511431306884471
3.7065107683780525
3.9015902298716343
4.096669691365216
4.291749152858798
4.48682861435238
4.6819080758459615
4.876987537339543
5.072066998833125
5.267146460326706
5.462225921820288
5.65730538331387
5.852384844807451
6.047464306301033
6.242543767794615
6.437623229288197
6.6327026907817785
6.82778215227536
7.022861613768942
7.217941075262524
7.413020536756105
7.608099998249687
7.803179459743268
7.99825892123685
8.193338382730431
8.388417844224012
8.583497305717595
8.778576767211176
8.973656228704758
9.16873569019834
9.363815151691922
9.558894613185503
9.753974074679086
9.949053536172666
10.144132997666249
10.33921245915983
10.534291920653411
10.729371382146994
10.924450843640575
11.119530305134157
11.314609766627738
11.50968922812132
11.704768689614902